a,x
1,20070206150000
2,20070206150000
3,20070206150000
